coefficient.x[0]=0.00549651
coefficient.x[1]=0.00486841
coefficient.x[2]=0.00380897
coefficient.x[3]=0.00240759
coefficient.x[4]=-0.000215032
coefficient.x[5]=-0.00607056
coefficient.x[6]=-0.0169496
coefficient.x[7]=-0.0419454
coefficient.x[8]=-0.0991551
coefficient.x[9]=-0.230091
coefficient.x[10]=-0.360415
coefficient.x[11]=-0.238162
coefficient.x[12]=-0.103519
coefficient.x[13]=-0.0430257
coefficient.x[14]=-0.0176393
coefficient.x[15]=-0.00653268
coefficient.x[16]=-0.000792044
coefficient.x[17]=0.00238696
coefficient.x[18]=0.0037357
coefficient.x[19]=0.00472086
coefficient.x[20]=0.00541157
