coefficient.x[0]=0.00522286
coefficient.x[1]=0.00451172
coefficient.x[2]=0.00331634
coefficient.x[3]=0.00171033
coefficient.x[4]=-0.00132289
coefficient.x[5]=-0.0073737
coefficient.x[6]=-0.018981
coefficient.x[7]=-0.0445352
coefficient.x[8]=-0.098687
coefficient.x[9]=-0.214793
coefficient.x[10]=-0.311668
coefficient.x[11]=-0.219383
coefficient.x[12]=-0.10349
coefficient.x[13]=-0.0453014
coefficient.x[14]=-0.0198091
coefficient.x[15]=-0.00806078
coefficient.x[16]=-0.00177272
coefficient.x[17]=0.00168438
coefficient.x[18]=0.00323432
coefficient.x[19]=0.00437484
coefficient.x[20]=0.00513244
