coefficient.x[0]=0.00535866
coefficient.x[1]=0.00468824
coefficient.x[2]=0.00355966
coefficient.x[3]=0.00205566
coefficient.x[4]=-0.000767805
coefficient.x[5]=-0.00673714
coefficient.x[6]=-0.0179976
coefficient.x[7]=-0.0433181
coefficient.x[8]=-0.0988355
coefficient.x[9]=-0.222508
coefficient.x[10]=-0.335715
coefficient.x[11]=-0.229158
coefficient.x[12]=-0.103954
coefficient.x[13]=-0.0442722
coefficient.x[14]=-0.0187759
coefficient.x[15]=-0.00733441
coefficient.x[16]=-0.00129102
coefficient.x[17]=0.00203365
coefficient.x[18]=0.00348249
coefficient.x[19]=0.00454515
coefficient.x[20]=0.00527025
