coefficient.x[0]=0.00577837
coefficient.x[1]=0.0052397
coefficient.x[2]=0.00432555
coefficient.x[3]=0.00313125
coefficient.x[4]=0.000877233
coefficient.x[5]=-0.00426506
coefficient.x[6]=-0.0146436
coefficient.x[7]=-0.0386875
coefficient.x[8]=-0.0979712
coefficient.x[9]=-0.241184
coefficient.x[10]=-0.397662
coefficient.x[11]=-0.250878
coefficient.x[12]=-0.0991856
coefficient.x[13]=-0.0394354
coefficient.x[14]=-0.0151775
coefficient.x[15]=-0.0047101
coefficient.x[16]=0.00022141
coefficient.x[17]=0.00310573
coefficient.x[18]=0.00425721
coefficient.x[19]=0.00508847
coefficient.x[20]=0.00569817
