coefficient.x[0]=0.00563642
coefficient.x[1]=0.00505223
coefficient.x[2]=0.00406426
coefficient.x[3]=0.00276612
coefficient.x[4]=0.000328394
coefficient.x[5]=-0.00521837
coefficient.x[6]=-0.0158369
coefficient.x[7]=-0.0404169
coefficient.x[8]=-0.0989567
coefficient.x[9]=-0.236502
coefficient.x[10]=-0.380677
coefficient.x[11]=-0.24567
coefficient.x[12]=-0.101909
coefficient.x[13]=-0.0413721
coefficient.x[14]=-0.0163993
coefficient.x[15]=-0.00565561
coefficient.x[16]=-0.000290619
coefficient.x[17]=0.00274432
coefficient.x[18]=0.00399394
coefficient.x[19]=0.00490197
coefficient.x[20]=0.00555501
