coefficient.x[0]=0.00592238
coefficient.x[1]=0.00543589
coefficient.x[2]=0.00459283
coefficient.x[3]=0.00350297
coefficient.x[4]=0.00143149
coefficient.x[5]=-0.00324645
coefficient.x[6]=-0.0132347
coefficient.x[7]=-0.0365475
coefficient.x[8]=-0.0961988
coefficient.x[9]=-0.244201
coefficient.x[10]=-0.418806
coefficient.x[11]=-0.254059
coefficient.x[12]=-0.0953471
coefficient.x[13]=-0.0372172
coefficient.x[14]=-0.0138575
coefficient.x[15]=-0.00373754
coefficient.x[16]=0.00072472
coefficient.x[17]=0.0034712
coefficient.x[18]=0.00452551
coefficient.x[19]=0.00528037
coefficient.x[20]=0.00584105
