coefficient.x[0]=0.00519903
coefficient.x[1]=0.00438801
coefficient.x[2]=0.00326203
coefficient.x[3]=0.00164569
coefficient.x[4]=-0.00171401
coefficient.x[5]=-0.00805477
coefficient.x[6]=-0.0208149
coefficient.x[7]=-0.0510875
coefficient.x[8]=-0.122214
coefficient.x[9]=-0.305924
coefficient.x[10]=-0.54484
coefficient.x[11]=-0.319015
coefficient.x[12]=-0.12619
coefficient.x[13]=-0.0525866
coefficient.x[14]=-0.0218427
coefficient.x[15]=-0.00898183
coefficient.x[16]=-0.00204634
coefficient.x[17]=0.00142057
coefficient.x[18]=0.00307293
coefficient.x[19]=0.00429374
coefficient.x[20]=0.00510179
