coefficient.x[0]=0.00547691
coefficient.x[1]=0.00476413
coefficient.x[2]=0.00375794
coefficient.x[3]=0.00238447
coefficient.x[4]=-0.000616739
coefficient.x[5]=-0.00665608
coefficient.x[6]=-0.018663
coefficient.x[7]=-0.0489765
coefficient.x[8]=-0.126562
coefficient.x[9]=-0.354614
coefficient.x[10]=-0.719145
coefficient.x[11]=-0.362261
coefficient.x[12]=-0.129893
coefficient.x[13]=-0.0499333
coefficient.x[14]=-0.0194643
coefficient.x[15]=-0.00744187
coefficient.x[16]=-0.00111832
coefficient.x[17]=0.00214959
coefficient.x[18]=0.00362165
coefficient.x[19]=0.00468339
coefficient.x[20]=0.00536958
