coefficient.x[0]=0.00675828
coefficient.x[1]=0.00664862
coefficient.x[2]=0.00649118
coefficient.x[3]=0.00626392
coefficient.x[4]=0.00591751
coefficient.x[5]=0.00538299
coefficient.x[6]=0.0045565
coefficient.x[7]=0.00351723
coefficient.x[8]=0.00116753
coefficient.x[9]=-0.00423685
coefficient.x[10]=-0.0149065
coefficient.x[11]=-0.0428447
coefficient.x[12]=-0.12295
coefficient.x[13]=-0.41634
coefficient.x[14]=-1.31499
coefficient.x[15]=-0.428521
coefficient.x[16]=-0.128841
coefficient.x[17]=-0.0432554
coefficient.x[18]=-0.0153933
coefficient.x[19]=-0.00464591
coefficient.x[20]=0.000456249
