coefficient.x[0]=0.00493967
coefficient.x[1]=0.00404107
coefficient.x[2]=0.0027953
coefficient.x[3]=0.000920011
coefficient.x[4]=-0.00273749
coefficient.x[5]=-0.00932833
coefficient.x[6]=-0.0226872
coefficient.x[7]=-0.0524379
coefficient.x[8]=-0.118224
coefficient.x[9]=-0.270988
coefficient.x[10]=-0.426169
coefficient.x[11]=-0.278236
coefficient.x[12]=-0.121677
coefficient.x[13]=-0.0535073
coefficient.x[14]=-0.0236164
coefficient.x[15]=-0.0102862
coefficient.x[16]=-0.00249097
coefficient.x[17]=0.000722383
coefficient.x[18]=0.00256165
coefficient.x[19]=0.00394928
coefficient.x[20]=0.00483122
