coefficient.x[0]=0.00481546
coefficient.x[1]=0.00387854
coefficient.x[2]=0.00257287
coefficient.x[3]=0.000562089
coefficient.x[4]=-0.00322155
coefficient.x[5]=-0.00991819
coefficient.x[6]=-0.0235185
coefficient.x[7]=-0.0528034
coefficient.x[8]=-0.116338
coefficient.x[9]=-0.255174
coefficient.x[10]=-0.378597
coefficient.x[11]=-0.258043
coefficient.x[12]=-0.119029
coefficient.x[13]=-0.0540552
coefficient.x[14]=-0.0242981
coefficient.x[15]=-0.0108533
coefficient.x[16]=-0.00334145
coefficient.x[17]=0.000392533
coefficient.x[18]=0.00232153
coefficient.x[19]=0.00378753
coefficient.x[20]=0.00469251
