coefficient.x[0]=0.00576881
coefficient.x[1]=0.00516941
coefficient.x[2]=0.00428302
coefficient.x[3]=0.00313636
coefficient.x[4]=0.000554327
coefficient.x[5]=-0.00513227
coefficient.x[6]=-0.0162315
coefficient.x[7]=-0.0457162
coefficient.x[8]=-0.12592
coefficient.x[9]=-0.393611
coefficient.x[10]=-1.06884
coefficient.x[11]=-0.403342
coefficient.x[12]=-0.130445
coefficient.x[13]=-0.045877
coefficient.x[14]=-0.0168124
coefficient.x[15]=-0.0056427
coefficient.x[16]=-0.000123038
coefficient.x[17]=0.0028948
coefficient.x[18]=0.00419012
coefficient.x[19]=0.00511192
coefficient.x[20]=0.00564787
