coefficient.x[0]=0.00506752
coefficient.x[1]=0.0042109
coefficient.x[2]=0.00302502
coefficient.x[3]=0.00128121
coefficient.x[4]=-0.00223497
coefficient.x[5]=-0.00870719
coefficient.x[6]=-0.021786
coefficient.x[7]=-0.051855
coefficient.x[8]=-0.12014
coefficient.x[9]=-0.286791
coefficient.x[10]=-0.479821
coefficient.x[11]=-0.298617
coefficient.x[12]=-0.124064
coefficient.x[13]=-0.053149
coefficient.x[14]=-0.022798
coefficient.x[15]=-0.00965859
coefficient.x[16]=-0.00249097
coefficient.x[17]=0.00106506
coefficient.x[18]=0.00281211
coefficient.x[19]=0.00411626
coefficient.x[20]=0.00496944
