coefficient.x[0]=-0.12295
coefficient.x[1]=-0.41634
coefficient.x[2]=-1.31499
coefficient.x[3]=-0.428521
coefficient.x[4]=-0.128841
coefficient.x[5]=-0.0432554
coefficient.x[6]=-0.0153933
coefficient.x[7]=-0.00464591
coefficient.x[8]=0.000456249
coefficient.x[9]=0.00327348
coefficient.x[10]=0.0044819
coefficient.x[11]=0.00532668
coefficient.x[12]=0.00579528
coefficient.x[13]=0.00620371
coefficient.x[14]=0.00643395
coefficient.x[15]=0.0065599
coefficient.x[16]=0.00668268
coefficient.x[17]=0.00677525
coefficient.x[18]=0.00683588
coefficient.x[19]=0.0068884
coefficient.x[20]=0.00692461
