coefficient.x[0]=0.0053346
coefficient.x[1]=0.00457242
coefficient.x[2]=0.00350634
coefficient.x[3]=0.00201344
coefficient.x[4]=-0.0011746
coefficient.x[5]=-0.00737107
coefficient.x[6]=-0.0197739
coefficient.x[7]=-0.0501279
coefficient.x[8]=-0.124444
coefficient.x[9]=-0.328501
coefficient.x[10]=-0.620801
coefficient.x[11]=-0.338861
coefficient.x[12]=-0.128056
coefficient.x[13]=-0.0514302
coefficient.x[14]=-0.0206971
coefficient.x[15]=-0.00824425
coefficient.x[16]=-0.00158879
coefficient.x[17]=0.00178305
coefficient.x[18]=0.0033441
coefficient.x[19]=0.00448344
coefficient.x[20]=0.00523517
