coefficient.x[0]=0.00678486
coefficient.x[1]=0.00669756
coefficient.x[2]=0.00657628
coefficient.x[3]=0.00640108
coefficient.x[4]=0.00615569
coefficient.x[5]=0.00576791
coefficient.x[6]=0.00517423
coefficient.x[7]=0.00428821
coefficient.x[8]=0.00313742
coefficient.x[9]=0.000660394
coefficient.x[10]=-0.00511999
coefficient.x[11]=-0.0160787
coefficient.x[12]=-0.0458738
coefficient.x[13]=-0.124075
coefficient.x[14]=-0.39024
coefficient.x[15]=-1.02261
coefficient.x[16]=-0.396709
coefficient.x[17]=-0.129876
coefficient.x[18]=-0.0458901
coefficient.x[19]=-0.016789
coefficient.x[20]=-0.0056092
