coefficient.x[0]=-0.0160787
coefficient.x[1]=-0.0458738
coefficient.x[2]=-0.124075
coefficient.x[3]=-0.39024
coefficient.x[4]=-1.02261
coefficient.x[5]=-0.396709
coefficient.x[6]=-0.129876
coefficient.x[7]=-0.0458901
coefficient.x[8]=-0.016789
coefficient.x[9]=-0.0056092
coefficient.x[10]=-0.000108473
coefficient.x[11]=0.00290711
coefficient.x[12]=0.00419278
coefficient.x[13]=0.00510536
coefficient.x[14]=0.00565109
coefficient.x[15]=0.00609137
coefficient.x[16]=0.00634817
coefficient.x[17]=0.00648783
coefficient.x[18]=0.00662205
coefficient.x[19]=0.00672362
coefficient.x[20]=0.00679228
