coefficient.x[0]=0.00519775
coefficient.x[1]=0.00439918
coefficient.x[2]=0.00327357
coefficient.x[3]=0.00165101
coefficient.x[4]=-0.00166079
coefficient.x[5]=-0.00804108
coefficient.x[6]=-0.0207176
coefficient.x[7]=-0.0513015
coefficient.x[8]=-0.121405
coefficient.x[9]=-0.302845
coefficient.x[10]=-0.531133
coefficient.x[11]=-0.314369
coefficient.x[12]=-0.125491
coefficient.x[13]=-0.0524026
coefficient.x[14]=-0.0217697
coefficient.x[15]=-0.00897241
coefficient.x[16]=-0.00203181
coefficient.x[17]=0.00143875
coefficient.x[18]=0.0030857
coefficient.x[19]=0.00429416
coefficient.x[20]=0.00510943
