coefficient.x[0]=0.00533456
coefficient.x[1]=0.00458201
coefficient.x[2]=0.00351629
coefficient.x[3]=0.00201769
coefficient.x[4]=-0.00110458
coefficient.x[5]=-0.00736497
coefficient.x[6]=-0.0196627
coefficient.x[7]=-0.050418
coefficient.x[8]=-0.123694
coefficient.x[9]=-0.323396
coefficient.x[10]=-0.599692
coefficient.x[11]=-0.335904
coefficient.x[12]=-0.127854
coefficient.x[13]=-0.0513384
coefficient.x[14]=-0.0207087
coefficient.x[15]=-0.00822881
coefficient.x[16]=-0.00157228
coefficient.x[17]=0.00179977
coefficient.x[18]=0.00335545
coefficient.x[19]=0.00448269
coefficient.x[20]=0.00524352
