coefficient.x[0]=0.00481221
coefficient.x[1]=0.00389448
coefficient.x[2]=0.00258917
coefficient.x[3]=0.000570606
coefficient.x[4]=-0.00321873
coefficient.x[5]=-0.00988174
coefficient.x[6]=-0.0234629
coefficient.x[7]=-0.0528
coefficient.x[8]=-0.115481
coefficient.x[9]=-0.252455
coefficient.x[10]=-0.371374
coefficient.x[11]=-0.252548
coefficient.x[12]=-0.118233
coefficient.x[13]=-0.0540006
coefficient.x[14]=-0.0241082
coefficient.x[15]=-0.0108345
coefficient.x[16]=-0.00333367
coefficient.x[17]=0.000408457
coefficient.x[18]=0.0023315
coefficient.x[19]=0.00378681
coefficient.x[20]=0.00469343
