coefficient.x[0]=0.00547502
coefficient.x[1]=0.00477212
coefficient.x[2]=0.0037663
coefficient.x[3]=0.00238766
coefficient.x[4]=-0.000529927
coefficient.x[5]=-0.00665757
coefficient.x[6]=-0.018538
coefficient.x[7]=-0.0493426
coefficient.x[8]=-0.125582
coefficient.x[9]=-0.34608
coefficient.x[10]=-0.689215
coefficient.x[11]=-0.351801
coefficient.x[12]=-0.129909
coefficient.x[13]=-0.0498629
coefficient.x[14]=-0.0194642
coefficient.x[15]=-0.00742041
coefficient.x[16]=-0.00109983
coefficient.x[17]=0.00216483
coefficient.x[18]=0.00362953
coefficient.x[19]=0.00468157
coefficient.x[20]=0.00537361
