coefficient.x[0]=0.00493707
coefficient.x[1]=0.00405542
coefficient.x[2]=0.00281001
coefficient.x[3]=0.000927461
coefficient.x[4]=-0.00271786
coefficient.x[5]=-0.00929947
coefficient.x[6]=-0.0226177
coefficient.x[7]=-0.0524925
coefficient.x[8]=-0.117299
coefficient.x[9]=-0.270003
coefficient.x[10]=-0.416195
coefficient.x[11]=-0.273552
coefficient.x[12]=-0.120775
coefficient.x[13]=-0.0533074
coefficient.x[14]=-0.0234655
coefficient.x[15]=-0.0102693
coefficient.x[16]=-0.00291208
coefficient.x[17]=0.000739158
coefficient.x[18]=0.00257255
coefficient.x[19]=0.00394838
coefficient.x[20]=0.0048324
