coefficient.x[0]=0.00506559
coefficient.x[1]=0.00422365
coefficient.x[2]=0.00303814
coefficient.x[3]=0.00128759
coefficient.x[4]=-0.00219855
coefficient.x[5]=-0.00868591
coefficient.x[6]=-0.0217026
coefficient.x[7]=-0.051993
coefficient.x[8]=-0.119273
coefficient.x[9]=-0.286869
coefficient.x[10]=-0.468518
coefficient.x[11]=-0.295514
coefficient.x[12]=-0.123084
coefficient.x[13]=-0.0529307
coefficient.x[14]=-0.022686
coefficient.x[15]=-0.0096512
coefficient.x[16]=-0.00247841
coefficient.x[17]=0.00108269
coefficient.x[18]=0.00282395
coefficient.x[19]=0.00411599
coefficient.x[20]=0.00497401
