coefficient.x[0]=0.0059171
coefficient.x[1]=0.00538622
coefficient.x[2]=0.0045601
coefficient.x[3]=0.00351722
coefficient.x[4]=0.00123574
coefficient.x[5]=-0.00418007
coefficient.x[6]=-0.0147361
coefficient.x[7]=-0.0431228
coefficient.x[8]=-0.121186
coefficient.x[9]=-0.409081
coefficient.x[10]=-1.26649
coefficient.x[11]=-0.418708
coefficient.x[12]=-0.127993
coefficient.x[13]=-0.0433579
coefficient.x[14]=-0.01534
coefficient.x[15]=-0.00460639
coefficient.x[16]=0.000468905
coefficient.x[17]=0.00328432
coefficient.x[18]=0.00448195
coefficient.x[19]=0.00531386
coefficient.x[20]=0.0057953
