coefficient.x[0]=0.00493554
coefficient.x[1]=0.00407043
coefficient.x[2]=0.00282539
coefficient.x[3]=0.000933855
coefficient.x[4]=-0.00268793
coefficient.x[5]=-0.00928888
coefficient.x[6]=-0.0224945
coefficient.x[7]=-0.0522467
coefficient.x[8]=-0.116031
coefficient.x[9]=-0.264702
coefficient.x[10]=-0.403626
coefficient.x[11]=-0.265856
coefficient.x[12]=-0.119682
coefficient.x[13]=-0.0529829
coefficient.x[14]=-0.0232452
coefficient.x[15]=-0.0102511
coefficient.x[16]=-0.00289827
coefficient.x[17]=0.000759054
coefficient.x[18]=0.00258683
coefficient.x[19]=0.00395084
coefficient.x[20]=0.0048315
