coefficient.x[0]=0.0050647
coefficient.x[1]=0.00423707
coefficient.x[2]=0.00305193
coefficient.x[3]=0.00129292
coefficient.x[4]=-0.00215542
coefficient.x[5]=-0.00867146
coefficient.x[6]=-0.0215655
coefficient.x[7]=-0.0518233
coefficient.x[8]=-0.118064
coefficient.x[9]=-0.282128
coefficient.x[10]=-0.452373
coefficient.x[11]=-0.288692
coefficient.x[12]=-0.122168
coefficient.x[13]=-0.0525716
coefficient.x[14]=-0.0225047
coefficient.x[15]=-0.00963108
coefficient.x[16]=-0.00245937
coefficient.x[17]=0.00110422
coefficient.x[18]=0.00283917
coefficient.x[19]=0.0041191
coefficient.x[20]=0.00497623
