coefficient.x[0]=0.00591682
coefficient.x[1]=0.00539012
coefficient.x[2]=0.00456436
coefficient.x[3]=0.00351615
coefficient.x[4]=0.00128034
coefficient.x[5]=-0.0041125
coefficient.x[6]=-0.0145192
coefficient.x[7]=-0.0431158
coefficient.x[8]=-0.119212
coefficient.x[9]=-0.393734
coefficient.x[10]=-1.13403
coefficient.x[11]=-0.403947
coefficient.x[12]=-0.126346
coefficient.x[13]=-0.0432301
coefficient.x[14]=-0.0152191
coefficient.x[15]=-0.00456441
coefficient.x[16]=0.000487343
coefficient.x[17]=0.00329794
coefficient.x[18]=0.0044832
coefficient.x[19]=0.00530073
coefficient.x[20]=0.00579967
