coefficient.x[0]=0.00693857
coefficient.x[1]=0.00690672
coefficient.x[2]=0.00686283
coefficient.x[3]=0.00680704
coefficient.x[4]=0.00673415
coefficient.x[5]=0.00663695
coefficient.x[6]=0.00650405
coefficient.x[7]=0.00631219
coefficient.x[8]=0.00604937
coefficient.x[9]=0.00561927
coefficient.x[10]=0.0049766
coefficient.x[11]=0.00403105
coefficient.x[12]=0.00276197
coefficient.x[13]=0.000135058
coefficient.x[14]=-0.00591909
coefficient.x[15]=-0.0171508
coefficient.x[16]=-0.0480231
coefficient.x[17]=-0.123902
coefficient.x[18]=-0.356692
coefficient.x[19]=-0.778602
coefficient.x[20]=-0.364657
