coefficient.x[0]=0.00519836
coefficient.x[1]=0.00441101
coefficient.x[2]=0.00328577
coefficient.x[3]=0.00165527
coefficient.x[4]=-0.00159332
coefficient.x[5]=-0.00802511
coefficient.x[6]=-0.0205667
coefficient.x[7]=-0.0512078
coefficient.x[8]=-0.120254
coefficient.x[9]=-0.300292
coefficient.x[10]=-0.511543
coefficient.x[11]=-0.305337
coefficient.x[12]=-0.124609
coefficient.x[13]=-0.0520088
coefficient.x[14]=-0.0216273
coefficient.x[15]=-0.00894627
coefficient.x[16]=-0.0020108
coefficient.x[17]=0.00145972
coefficient.x[18]=0.00310069
coefficient.x[19]=0.00429821
coefficient.x[20]=0.00511781
