coefficient.x[0]=-0.00591909
coefficient.x[1]=-0.0171508
coefficient.x[2]=-0.0480231
coefficient.x[3]=-0.123902
coefficient.x[4]=-0.356692
coefficient.x[5]=-0.778602
coefficient.x[6]=-0.364657
coefficient.x[7]=-0.1294
coefficient.x[8]=-0.0478412
coefficient.x[9]=-0.0181108
coefficient.x[10]=-0.00650301
coefficient.x[11]=-0.000587532
coefficient.x[12]=0.0025505
coefficient.x[13]=0.0039151
coefficient.x[14]=0.00489029
coefficient.x[15]=0.00551228
coefficient.x[16]=0.00597913
coefficient.x[17]=0.00626248
coefficient.x[18]=0.00641629
coefficient.x[19]=0.00656162
coefficient.x[20]=0.0066722
