coefficient.x[0]=0.0053352
coefficient.x[1]=0.00459225
coefficient.x[2]=0.0035269
coefficient.x[3]=0.00202089
coefficient.x[4]=-0.00102032
coefficient.x[5]=-0.00734998
coefficient.x[6]=-0.0194979
coefficient.x[7]=-0.0504004
coefficient.x[8]=-0.122742
coefficient.x[9]=-0.31593
coefficient.x[10]=-0.567209
coefficient.x[11]=-0.318763
coefficient.x[12]=-0.127007
coefficient.x[13]=-0.0510898
coefficient.x[14]=-0.0206132
coefficient.x[15]=-0.00819665
coefficient.x[16]=-0.0015493
coefficient.x[17]=0.00181926
coefficient.x[18]=0.00336713
coefficient.x[19]=0.00448767
coefficient.x[20]=0.0052467
