coefficient.x[0]=0.00468816
coefficient.x[1]=0.00375901
coefficient.x[2]=0.00239418
coefficient.x[3]=0.000226129
coefficient.x[4]=-0.00366315
coefficient.x[5]=-0.010437
coefficient.x[6]=-0.0241427
coefficient.x[7]=-0.0525177
coefficient.x[8]=-0.111969
coefficient.x[9]=-0.231491
coefficient.x[10]=-0.325869
coefficient.x[11]=-0.232365
coefficient.x[12]=-0.1145
coefficient.x[13]=-0.0539133
coefficient.x[14]=-0.0246791
coefficient.x[15]=-0.0113128
coefficient.x[16]=-0.0037493
coefficient.x[17]=0.00010878
coefficient.x[18]=0.00211322
coefficient.x[19]=0.00363087
coefficient.x[20]=0.00455105
