coefficient.x[0]=0.00547409
coefficient.x[1]=0.00478078
coefficient.x[2]=0.00377533
coefficient.x[3]=0.00238979
coefficient.x[4]=-0.000432668
coefficient.x[5]=-0.00665017
coefficient.x[6]=-0.0183593
coefficient.x[7]=-0.0494011
coefficient.x[8]=-0.124206
coefficient.x[9]=-0.333512
coefficient.x[10]=-0.647911
coefficient.x[11]=-0.342536
coefficient.x[12]=-0.129093
coefficient.x[13]=-0.0496358
coefficient.x[14]=-0.0194291
coefficient.x[15]=-0.00738223
coefficient.x[16]=-0.00107488
coefficient.x[17]=0.00218286
coefficient.x[18]=0.0036386
coefficient.x[19]=0.00468749
coefficient.x[20]=0.00537515
