coefficient.x[0]=0.00481003
coefficient.x[1]=0.00391107
coefficient.x[2]=0.00260614
coefficient.x[3]=0.000578064
coefficient.x[4]=-0.0031905
coefficient.x[5]=-0.00987738
coefficient.x[6]=-0.0233536
coefficient.x[7]=-0.0524782
coefficient.x[8]=-0.114156
coefficient.x[9]=-0.24769
coefficient.x[10]=-0.361891
coefficient.x[11]=-0.247799
coefficient.x[12]=-0.117152
coefficient.x[13]=-0.0535201
coefficient.x[14]=-0.023864
coefficient.x[15]=-0.01081
coefficient.x[16]=-0.00333228
coefficient.x[17]=0.000427503
coefficient.x[18]=0.00234485
coefficient.x[19]=0.00378944
coefficient.x[20]=0.00468967
