coefficient.x[0]=0.0048089
coefficient.x[1]=0.00392833
coefficient.x[2]=0.00262376
coefficient.x[3]=0.000587224
coefficient.x[4]=-0.00315179
coefficient.x[5]=-0.00984448
coefficient.x[6]=-0.0232916
coefficient.x[7]=-0.0518487
coefficient.x[8]=-0.112488
coefficient.x[9]=-0.238748
coefficient.x[10]=-0.350371
coefficient.x[11]=-0.243163
coefficient.x[12]=-0.115303
coefficient.x[13]=-0.0529325
coefficient.x[14]=-0.0239927
coefficient.x[15]=-0.0107815
coefficient.x[16]=-0.00332799
coefficient.x[17]=0.000449671
coefficient.x[18]=0.00236157
coefficient.x[19]=0.00379543
coefficient.x[20]=0.0046805
