coefficient.x[0]=0.00591665
coefficient.x[1]=0.00539467
coefficient.x[2]=0.00456929
coefficient.x[3]=0.00351403
coefficient.x[4]=0.00132389
coefficient.x[5]=-0.00403415
coefficient.x[6]=-0.0145224
coefficient.x[7]=-0.0428543
coefficient.x[8]=-0.116945
coefficient.x[9]=-0.376909
coefficient.x[10]=-0.997716
coefficient.x[11]=-0.384257
coefficient.x[12]=-0.123816
coefficient.x[13]=-0.0429106
coefficient.x[14]=-0.0150725
coefficient.x[15]=-0.00452545
coefficient.x[16]=0.000511564
coefficient.x[17]=0.00331434
coefficient.x[18]=0.00448564
coefficient.x[19]=0.00528728
coefficient.x[20]=0.00580476
