coefficient.x[0]=-0.122432
coefficient.x[1]=-0.324674
coefficient.x[2]=-0.595993
coefficient.x[3]=-0.332366
coefficient.x[4]=-0.127419
coefficient.x[5]=-0.0492519
coefficient.x[6]=-0.0193285
coefficient.x[7]=-0.00732734
coefficient.x[8]=-0.00104345
coefficient.x[9]=0.00220367
coefficient.x[10]=0.00364888
coefficient.x[11]=0.00469237
coefficient.x[12]=0.00537689
coefficient.x[13]=0.00586697
coefficient.x[14]=0.00617689
coefficient.x[15]=0.00634528
coefficient.x[16]=0.00650139
coefficient.x[17]=0.00662099
coefficient.x[18]=0.00670766
coefficient.x[19]=0.0067684
coefficient.x[20]=0.00681673
