coefficient.x[0]=0.00468638
coefficient.x[1]=0.00377321
coefficient.x[2]=0.00241339
coefficient.x[3]=0.000240779
coefficient.x[4]=-0.00361912
coefficient.x[5]=-0.0103987
coefficient.x[6]=-0.0239969
coefficient.x[7]=-0.0519325
coefficient.x[8]=-0.110501
coefficient.x[9]=-0.224047
coefficient.x[10]=-0.317217
coefficient.x[11]=-0.228035
coefficient.x[12]=-0.112695
coefficient.x[13]=-0.0535788
coefficient.x[14]=-0.0247722
coefficient.x[15]=-0.0112806
coefficient.x[16]=-0.0037462
coefficient.x[17]=0.000130097
coefficient.x[18]=0.00212901
coefficient.x[19]=0.00363703
coefficient.x[20]=0.00454271
