coefficient.x[0]=0.00493506
coefficient.x[1]=0.00408609
coefficient.x[2]=0.00284143
coefficient.x[3]=0.000939082
coefficient.x[4]=-0.00265454
coefficient.x[5]=-0.00926133
coefficient.x[6]=-0.0225015
coefficient.x[7]=-0.0516933
coefficient.x[8]=-0.114422
coefficient.x[9]=-0.254187
coefficient.x[10]=-0.389019
coefficient.x[11]=-0.259031
coefficient.x[12]=-0.117867
coefficient.x[13]=-0.0525176
coefficient.x[14]=-0.0230998
coefficient.x[15]=-0.0102203
coefficient.x[16]=-0.0028928
coefficient.x[17]=0.000782072
coefficient.x[18]=0.00260449
coefficient.x[19]=0.00395664
coefficient.x[20]=0.0048215
