coefficient.x[0]=0.00519983
coefficient.x[1]=0.00442351
coefficient.x[2]=0.00329864
coefficient.x[3]=0.00165847
coefficient.x[4]=-0.00157025
coefficient.x[5]=-0.00800825
coefficient.x[6]=-0.0205647
coefficient.x[7]=-0.0508065
coefficient.x[8]=-0.118761
coefficient.x[9]=-0.28728
coefficient.x[10]=-0.487543
coefficient.x[11]=-0.29545
coefficient.x[12]=-0.122864
coefficient.x[13]=-0.0514741
coefficient.x[14]=-0.0214156
coefficient.x[15]=-0.00890341
coefficient.x[16]=-0.00198332
coefficient.x[17]=0.00148346
coefficient.x[18]=0.00311618
coefficient.x[19]=0.00430563
coefficient.x[20]=0.00511314
