coefficient.x[0]=0.00533652
coefficient.x[1]=0.00460315
coefficient.x[2]=0.00353818
coefficient.x[3]=0.00202303
coefficient.x[4]=-0.000983215
coefficient.x[5]=-0.00733833
coefficient.x[6]=-0.0194916
coefficient.x[7]=-0.0500752
coefficient.x[8]=-0.121401
coefficient.x[9]=-0.30623
coefficient.x[10]=-0.529045
coefficient.x[11]=-0.313065
coefficient.x[12]=-0.125297
coefficient.x[13]=-0.0506844
coefficient.x[14]=-0.0204404
coefficient.x[15]=-0.00814778
coefficient.x[16]=-0.00151985
coefficient.x[17]=0.00184154
coefficient.x[18]=0.00338001
coefficient.x[19]=0.00449603
coefficient.x[20]=0.00524828
