coefficient.x[0]=0.00657646
coefficient.x[1]=0.00642972
coefficient.x[2]=0.00622453
coefficient.x[3]=0.00594493
coefficient.x[4]=0.00547526
coefficient.x[5]=0.00479009
coefficient.x[6]=0.00378502
coefficient.x[7]=0.00239086
coefficient.x[8]=-0.000400733
coefficient.x[9]=-0.00663948
coefficient.x[10]=-0.0183488
coefficient.x[11]=-0.0491519
coefficient.x[12]=-0.122432
coefficient.x[13]=-0.324674
coefficient.x[14]=-0.595993
coefficient.x[15]=-0.332366
coefficient.x[16]=-0.127419
coefficient.x[17]=-0.0492519
coefficient.x[18]=-0.0193285
coefficient.x[19]=-0.00732734
coefficient.x[20]=-0.00104345
