coefficient.x[0]=0.00561811
coefficient.x[1]=0.00498433
coefficient.x[2]=0.00403915
coefficient.x[3]=0.00276197
coefficient.x[4]=0.000175586
coefficient.x[5]=-0.0058995
coefficient.x[6]=-0.0171362
coefficient.x[7]=-0.0475816
coefficient.x[8]=-0.121695
coefficient.x[9]=-0.341276
coefficient.x[10]=-0.696557
coefficient.x[11]=-0.351308
coefficient.x[12]=-0.127523
coefficient.x[13]=-0.0474787
coefficient.x[14]=-0.0180289
coefficient.x[15]=-0.00644209
coefficient.x[16]=-0.000554131
coefficient.x[17]=0.00256984
coefficient.x[18]=0.00392277
coefficient.x[19]=0.00488439
coefficient.x[20]=0.0055173
