coefficient.x[0]=0.00506519
coefficient.x[1]=0.00425115
coefficient.x[2]=0.00306638
coefficient.x[3]=0.00129635
coefficient.x[4]=-0.00212736
coefficient.x[5]=-0.00864925
coefficient.x[6]=-0.021568
coefficient.x[7]=-0.0513459
coefficient.x[8]=-0.116513
coefficient.x[9]=-0.270364
coefficient.x[10]=-0.434203
coefficient.x[11]=-0.278773
coefficient.x[12]=-0.120388
coefficient.x[13]=-0.0520716
coefficient.x[14]=-0.022254
coefficient.x[15]=-0.00959425
coefficient.x[16]=-0.00244063
coefficient.x[17]=0.00112944
coefficient.x[18]=0.00285738
coefficient.x[19]=0.00412559
coefficient.x[20]=0.00496571
