coefficient.x[0]=0.00468565
coefficient.x[1]=0.00378205
coefficient.x[2]=0.00242724
coefficient.x[3]=0.000260718
coefficient.x[4]=-0.0035698
coefficient.x[5]=-0.01033
coefficient.x[6]=-0.0237593
coefficient.x[7]=-0.0514056
coefficient.x[8]=-0.108644
coefficient.x[9]=-0.216724
coefficient.x[10]=-0.306597
coefficient.x[11]=-0.221265
coefficient.x[12]=-0.109947
coefficient.x[13]=-0.0528484
coefficient.x[14]=-0.0247581
coefficient.x[15]=-0.0112188
coefficient.x[16]=-0.00374022
coefficient.x[17]=0.000154537
coefficient.x[18]=0.00214818
coefficient.x[19]=0.00364654
coefficient.x[20]=0.00453475
