coefficient.x[0]=0.00493565
coefficient.x[1]=0.00410242
coefficient.x[2]=0.00285813
coefficient.x[3]=0.000948057
coefficient.x[4]=-0.00261587
coefficient.x[5]=-0.00920334
coefficient.x[6]=-0.0222723
coefficient.x[7]=-0.0508322
coefficient.x[8]=-0.112471
coefficient.x[9]=-0.244367
coefficient.x[10]=-0.372375
coefficient.x[11]=-0.251777
coefficient.x[12]=-0.115189
coefficient.x[13]=-0.0519114
coefficient.x[14]=-0.023157
coefficient.x[15]=-0.0101727
coefficient.x[16]=-0.00288445
coefficient.x[17]=0.000808926
coefficient.x[18]=0.00262552
coefficient.x[19]=0.0039658
coefficient.x[20]=0.00481189
