coefficient.x[0]=0.00480882
coefficient.x[1]=0.00394071
coefficient.x[2]=0.00264205
coefficient.x[3]=0.000601681
coefficient.x[4]=-0.0031078
coefficient.x[5]=-0.00978114
coefficient.x[6]=-0.0230501
coefficient.x[7]=-0.0511558
coefficient.x[8]=-0.110479
coefficient.x[9]=-0.230177
coefficient.x[10]=-0.336813
coefficient.x[11]=-0.235657
coefficient.x[12]=-0.11259
coefficient.x[13]=-0.0522406
coefficient.x[14]=-0.0240143
coefficient.x[15]=-0.01074
coefficient.x[16]=-0.00332083
coefficient.x[17]=0.00047496
coefficient.x[18]=0.00238168
coefficient.x[19]=0.00380476
coefficient.x[20]=0.00467172
