coefficient.x[0]=-0.0494423
coefficient.x[1]=-0.119663
coefficient.x[2]=-0.294544
coefficient.x[3]=-0.510581
coefficient.x[4]=-0.304023
coefficient.x[5]=-0.122723
coefficient.x[6]=-0.050015
coefficient.x[7]=-0.0201983
coefficient.x[8]=-0.00808218
coefficient.x[9]=-0.00148393
coefficient.x[10]=0.0018666
coefficient.x[11]=0.0033941
coefficient.x[12]=0.00450589
coefficient.x[13]=0.00525006
coefficient.x[14]=0.00575517
coefficient.x[15]=0.00609139
coefficient.x[16]=0.00627479
coefficient.x[17]=0.00644137
coefficient.x[18]=0.00656997
coefficient.x[19]=0.00666566
coefficient.x[20]=0.0067285
