coefficient.x[0]=0.0059166
coefficient.x[1]=0.00539989
coefficient.x[2]=0.00457487
coefficient.x[3]=0.00351085
coefficient.x[4]=0.00134574
coefficient.x[5]=-0.00398768
coefficient.x[6]=-0.0145136
coefficient.x[7]=-0.0423382
coefficient.x[8]=-0.114385
coefficient.x[9]=-0.357304
coefficient.x[10]=-0.857594
coefficient.x[11]=-0.361681
coefficient.x[12]=-0.120405
coefficient.x[13]=-0.0424343
coefficient.x[14]=-0.0149003
coefficient.x[15]=-0.00447089
coefficient.x[16]=0.000550057
coefficient.x[17]=0.00333353
coefficient.x[18]=0.00448929
coefficient.x[19]=0.00527359
coefficient.x[20]=0.00580997
