coefficient.x[0]=0.00520197
coefficient.x[1]=0.00443666
coefficient.x[2]=0.00331216
coefficient.x[3]=0.00165705
coefficient.x[4]=-0.00154223
coefficient.x[5]=-0.00796096
coefficient.x[6]=-0.0205111
coefficient.x[7]=-0.0500976
coefficient.x[8]=-0.117299
coefficient.x[9]=-0.276555
coefficient.x[10]=-0.462968
coefficient.x[11]=-0.288594
coefficient.x[12]=-0.120256
coefficient.x[13]=-0.0507986
coefficient.x[14]=-0.0211345
coefficient.x[15]=-0.00884384
coefficient.x[16]=-0.00196075
coefficient.x[17]=0.00150999
coefficient.x[18]=0.00313287
coefficient.x[19]=0.00431644
coefficient.x[20]=0.00510187
