coefficient.x[0]=0.00561775
coefficient.x[1]=0.00499272
coefficient.x[2]=0.00404791
coefficient.x[3]=0.00276093
coefficient.x[4]=0.00018783
coefficient.x[5]=-0.00587489
coefficient.x[6]=-0.017125
coefficient.x[7]=-0.0468857
coefficient.x[8]=-0.119118
coefficient.x[9]=-0.326413
coefficient.x[10]=-0.624643
coefficient.x[11]=-0.333641
coefficient.x[12]=-0.124974
coefficient.x[13]=-0.0469595
coefficient.x[14]=-0.017912
coefficient.x[15]=-0.00636446
coefficient.x[16]=-0.00051426
coefficient.x[17]=0.00259197
coefficient.x[18]=0.00393163
coefficient.x[19]=0.00487968
coefficient.x[20]=0.0055225
