coefficient.x[0]=0.00584183
coefficient.x[1]=0.00533851
coefficient.x[2]=0.00461472
coefficient.x[3]=0.00355012
coefficient.x[4]=0.00201967
coefficient.x[5]=-0.000960521
coefficient.x[6]=-0.00729638
coefficient.x[7]=-0.0194913
coefficient.x[8]=-0.0494423
coefficient.x[9]=-0.119663
coefficient.x[10]=-0.294544
coefficient.x[11]=-0.510581
coefficient.x[12]=-0.304023
coefficient.x[13]=-0.122723
coefficient.x[14]=-0.050015
coefficient.x[15]=-0.0201983
coefficient.x[16]=-0.00808218
coefficient.x[17]=-0.00148393
coefficient.x[18]=0.0018666
coefficient.x[19]=0.0033941
coefficient.x[20]=0.00450589
