coefficient.x[0]=0.00506749
coefficient.x[1]=0.0042659
coefficient.x[2]=0.0030815
coefficient.x[3]=0.00129985
coefficient.x[4]=-0.00209402
coefficient.x[5]=-0.00859661
coefficient.x[6]=-0.021426
coefficient.x[7]=-0.0505609
coefficient.x[8]=-0.11462
coefficient.x[9]=-0.259532
coefficient.x[10]=-0.414001
coefficient.x[11]=-0.2692
coefficient.x[12]=-0.117745
coefficient.x[13]=-0.0514307
coefficient.x[14]=-0.0221864
coefficient.x[15]=-0.00954069
coefficient.x[16]=-0.00243109
coefficient.x[17]=0.00115744
coefficient.x[18]=0.00287668
coefficient.x[19]=0.00413546
coefficient.x[20]=0.00495528
