coefficient.x[0]=0.0054771
coefficient.x[1]=0.00480007
coefficient.x[2]=0.00379537
coefficient.x[3]=0.0023877
coefficient.x[4]=-0.000383007
coefficient.x[5]=-0.00660288
coefficient.x[6]=-0.018343
coefficient.x[7]=-0.0485373
coefficient.x[8]=-0.120261
coefficient.x[9]=-0.311414
coefficient.x[10]=-0.550804
coefficient.x[11]=-0.31903
coefficient.x[12]=-0.124887
coefficient.x[13]=-0.0487112
coefficient.x[14]=-0.0191253
coefficient.x[15]=-0.00725572
coefficient.x[16]=-0.00100555
coefficient.x[17]=0.00222726
coefficient.x[18]=0.00366035
coefficient.x[19]=0.00469027
coefficient.x[20]=0.00537884
