coefficient.x[0]=0.00690547
coefficient.x[1]=0.0068746
coefficient.x[2]=0.00683457
coefficient.x[3]=0.00678331
coefficient.x[4]=0.00671963
coefficient.x[5]=0.00663337
coefficient.x[6]=0.00651607
coefficient.x[7]=0.00635589
coefficient.x[8]=0.00613808
coefficient.x[9]=0.00584183
coefficient.x[10]=0.00533851
coefficient.x[11]=0.00461472
coefficient.x[12]=0.00355012
coefficient.x[13]=0.00201967
coefficient.x[14]=-0.000960521
coefficient.x[15]=-0.00729638
coefficient.x[16]=-0.0194913
coefficient.x[17]=-0.0494423
coefficient.x[18]=-0.119663
coefficient.x[19]=-0.294544
coefficient.x[20]=-0.510581
