coefficient.x[0]=0.00507045
coefficient.x[1]=0.00428083
coefficient.x[2]=0.00309216
coefficient.x[3]=0.00130863
coefficient.x[4]=-0.00205539
coefficient.x[5]=-0.00851353
coefficient.x[6]=-0.0211475
coefficient.x[7]=-0.0494773
coefficient.x[8]=-0.112384
coefficient.x[9]=-0.250079
coefficient.x[10]=-0.391764
coefficient.x[11]=-0.257794
coefficient.x[12]=-0.114238
coefficient.x[13]=-0.050649
coefficient.x[14]=-0.0221722
coefficient.x[15]=-0.00947042
coefficient.x[16]=-0.00241866
coefficient.x[17]=0.00118822
coefficient.x[18]=0.00289718
coefficient.x[19]=0.0041487
coefficient.x[20]=0.00495137
