coefficient.x[0]=-0.265474
coefficient.x[1]=-0.434494
coefficient.x[2]=-0.275983
coefficient.x[3]=-0.116783
coefficient.x[4]=-0.0499822
coefficient.x[5]=-0.0211238
coefficient.x[6]=-0.00876755
coefficient.x[7]=-0.00194714
coefficient.x[8]=0.00153931
coefficient.x[9]=0.00315076
coefficient.x[10]=0.00433062
coefficient.x[11]=0.00509264
coefficient.x[12]=0.00564861
coefficient.x[13]=0.00600599
coefficient.x[14]=0.00620484
coefficient.x[15]=0.00638155
coefficient.x[16]=0.00651916
coefficient.x[17]=0.00662342
coefficient.x[18]=0.00669188
coefficient.x[19]=0.0067473
coefficient.x[20]=0.00679296
