coefficient.x[0]=0.00468599
coefficient.x[1]=0.00379195
coefficient.x[2]=0.00242261
coefficient.x[3]=0.000285946
coefficient.x[4]=-0.0035152
coefficient.x[5]=-0.0102309
coefficient.x[6]=-0.0234923
coefficient.x[7]=-0.0508089
coefficient.x[8]=-0.106452
coefficient.x[9]=-0.210008
coefficient.x[10]=-0.294007
coefficient.x[11]=-0.214076
coefficient.x[12]=-0.107837
coefficient.x[13]=-0.0520109
coefficient.x[14]=-0.0246369
coefficient.x[15]=-0.0110329
coefficient.x[16]=-0.00373135
coefficient.x[17]=0.000182097
coefficient.x[18]=0.00217072
coefficient.x[19]=0.0036594
coefficient.x[20]=0.0045442
