coefficient.x[0]=0.00534118
coefficient.x[1]=0.00462695
coefficient.x[2]=0.00356272
coefficient.x[3]=0.00201748
coefficient.x[4]=-0.000932544
coefficient.x[5]=-0.00722399
coefficient.x[6]=-0.0192415
coefficient.x[7]=-0.0485017
coefficient.x[8]=-0.117467
coefficient.x[9]=-0.281837
coefficient.x[10]=-0.478362
coefficient.x[11]=-0.290703
coefficient.x[12]=-0.119321
coefficient.x[13]=-0.049164
coefficient.x[14]=-0.019962
coefficient.x[15]=-0.00799987
coefficient.x[16]=-0.00145863
coefficient.x[17]=0.00189445
coefficient.x[18]=0.00340938
coefficient.x[19]=0.0045076
coefficient.x[20]=0.00523998
