coefficient.x[0]=0.0064558
coefficient.x[1]=0.00628293
coefficient.x[2]=0.00605298
coefficient.x[3]=0.0057364
coefficient.x[4]=0.00520479
coefficient.x[5]=0.00445048
coefficient.x[6]=0.00332635
coefficient.x[7]=0.00166035
coefficient.x[8]=-0.00150893
coefficient.x[9]=-0.00788322
coefficient.x[10]=-0.0202288
coefficient.x[11]=-0.0490809
coefficient.x[12]=-0.115597
coefficient.x[13]=-0.265474
coefficient.x[14]=-0.434494
coefficient.x[15]=-0.275983
coefficient.x[16]=-0.116783
coefficient.x[17]=-0.0499822
coefficient.x[18]=-0.0211238
coefficient.x[19]=-0.00876755
coefficient.x[20]=-0.00194714
