coefficient.x[0]=0.00547963
coefficient.x[1]=0.00481071
coefficient.x[2]=0.00380638
coefficient.x[3]=0.00238003
coefficient.x[4]=-0.000359992
coefficient.x[5]=-0.00653584
coefficient.x[6]=-0.0181857
coefficient.x[7]=-0.0474969
coefficient.x[8]=-0.117579
coefficient.x[9]=-0.297113
coefficient.x[10]=-0.515748
coefficient.x[11]=-0.303925
coefficient.x[12]=-0.121496
coefficient.x[13]=-0.0480137
coefficient.x[14]=-0.0188527
coefficient.x[15]=-0.00716739
coefficient.x[16]=-0.000961188
coefficient.x[17]=0.00225363
coefficient.x[18]=0.00367302
coefficient.x[19]=0.00468937
coefficient.x[20]=0.00538406
