coefficient.x[0]=0.00480981
coefficient.x[1]=0.00395126
coefficient.x[2]=0.0026398
coefficient.x[3]=0.000621427
coefficient.x[4]=-0.00305853
coefficient.x[5]=-0.00968736
coefficient.x[6]=-0.0227793
coefficient.x[7]=-0.0505153
coefficient.x[8]=-0.108127
coefficient.x[9]=-0.222302
coefficient.x[10]=-0.321218
coefficient.x[11]=-0.227667
coefficient.x[12]=-0.109612
coefficient.x[13]=-0.0515282
coefficient.x[14]=-0.0239287
coefficient.x[15]=-0.0105935
coefficient.x[16]=-0.00331077
coefficient.x[17]=0.000503371
coefficient.x[18]=0.00240516
coefficient.x[19]=0.00381744
coefficient.x[20]=0.00467715
