coefficient.x[0]=0.00493817
coefficient.x[1]=0.00411422
coefficient.x[2]=0.00286299
coefficient.x[3]=0.000962321
coefficient.x[4]=-0.00257192
coefficient.x[5]=-0.00911491
coefficient.x[6]=-0.0219977
coefficient.x[7]=-0.0500714
coefficient.x[8]=-0.110177
coefficient.x[9]=-0.23565
coefficient.x[10]=-0.353694
coefficient.x[11]=-0.242321
coefficient.x[12]=-0.111648
coefficient.x[13]=-0.0511643
coefficient.x[14]=-0.0231072
coefficient.x[15]=-0.0100795
coefficient.x[16]=-0.00287321
coefficient.x[17]=0.000841176
coefficient.x[18]=0.00264863
coefficient.x[19]=0.0039783
coefficient.x[20]=0.00481287
