coefficient.x[0]=0.00591667
coefficient.x[1]=0.00540576
coefficient.x[2]=0.00458112
coefficient.x[3]=0.00350016
coefficient.x[4]=0.00135231
coefficient.x[5]=-0.00392608
coefficient.x[6]=-0.0142999
coefficient.x[7]=-0.0415677
coefficient.x[8]=-0.111533
coefficient.x[9]=-0.333683
coefficient.x[10]=-0.732807
coefficient.x[11]=-0.339778
coefficient.x[12]=-0.116111
coefficient.x[13]=-0.0418012
coefficient.x[14]=-0.0147137
coefficient.x[15]=-0.00440071
coefficient.x[16]=0.000600716
coefficient.x[17]=0.0033555
coefficient.x[18]=0.00449414
coefficient.x[19]=0.00526487
coefficient.x[20]=0.0058154
