coefficient.x[0]=0.00562013
coefficient.x[1]=0.00500177
coefficient.x[2]=0.00405733
coefficient.x[3]=0.00274799
coefficient.x[4]=0.000205363
coefficient.x[5]=-0.00581876
coefficient.x[6]=-0.0170613
coefficient.x[7]=-0.0459352
coefficient.x[8]=-0.116327
coefficient.x[9]=-0.310403
coefficient.x[10]=-0.562862
coefficient.x[11]=-0.316271
coefficient.x[12]=-0.121566
coefficient.x[13]=-0.0462834
coefficient.x[14]=-0.0176819
coefficient.x[15]=-0.00627011
coefficient.x[16]=-0.000467918
coefficient.x[17]=0.00261687
coefficient.x[18]=0.00394169
coefficient.x[19]=0.00487617
coefficient.x[20]=0.00552803
