coefficient.x[0]=0.00534454
coefficient.x[1]=0.00463984
coefficient.x[2]=0.00356644
coefficient.x[3]=0.00202059
coefficient.x[4]=-0.000899284
coefficient.x[5]=-0.00712117
coefficient.x[6]=-0.018926
coefficient.x[7]=-0.0472535
coefficient.x[8]=-0.114175
coefficient.x[9]=-0.268108
coefficient.x[10]=-0.440871
coefficient.x[11]=-0.276087
coefficient.x[12]=-0.11547
coefficient.x[13]=-0.0481721
coefficient.x[14]=-0.019912
coefficient.x[15]=-0.00790084
coefficient.x[16]=-0.00144094
coefficient.x[17]=0.00192507
coefficient.x[18]=0.00342586
coefficient.x[19]=0.00451051
coefficient.x[20]=0.00524767
