coefficient.x[0]=0.00481188
coefficient.x[1]=0.00396287
coefficient.x[2]=0.00263561
coefficient.x[3]=0.000646463
coefficient.x[4]=-0.00300397
coefficient.x[5]=-0.00956331
coefficient.x[6]=-0.0224792
coefficient.x[7]=-0.0498048
coefficient.x[8]=-0.106328
coefficient.x[9]=-0.215185
coefficient.x[10]=-0.303585
coefficient.x[11]=-0.218441
coefficient.x[12]=-0.10857
coefficient.x[13]=-0.0506749
coefficient.x[14]=-0.0237361
coefficient.x[15]=-0.0104029
coefficient.x[16]=-0.00329783
coefficient.x[17]=0.000534904
coefficient.x[18]=0.00243202
coefficient.x[19]=0.00383347
coefficient.x[20]=0.00468778
