coefficient.x[0]=0.00562318
coefficient.x[1]=0.00501149
coefficient.x[2]=0.00406742
coefficient.x[3]=0.00274014
coefficient.x[4]=0.000228186
coefficient.x[5]=-0.00572663
coefficient.x[6]=-0.0167406
coefficient.x[7]=-0.0447302
coefficient.x[8]=-0.112971
coefficient.x[9]=-0.293394
coefficient.x[10]=-0.511213
coefficient.x[11]=-0.299491
coefficient.x[12]=-0.117282
coefficient.x[13]=-0.0454506
coefficient.x[14]=-0.0173789
coefficient.x[15]=-0.00615904
coefficient.x[16]=-0.000415107
coefficient.x[17]=0.00264456
coefficient.x[18]=0.00395296
coefficient.x[19]=0.00487387
coefficient.x[20]=0.00553419
