coefficient.x[0]=0.00681083
coefficient.x[1]=0.00676289
coefficient.x[2]=0.0067052
coefficient.x[3]=0.00663315
coefficient.x[4]=0.00653346
coefficient.x[5]=0.00639563
coefficient.x[6]=0.00621083
coefficient.x[7]=0.00596923
coefficient.x[8]=0.00563002
coefficient.x[9]=0.0050741
coefficient.x[10]=0.00429375
coefficient.x[11]=0.00308904
coefficient.x[12]=0.0013227
coefficient.x[13]=-0.00201148
coefficient.x[14]=-0.00840001
coefficient.x[15]=-0.0208397
coefficient.x[16]=-0.0486793
coefficient.x[17]=-0.110039
coefficient.x[18]=-0.239604
coefficient.x[19]=-0.367836
coefficient.x[20]=-0.246228
