coefficient.x[0]=0.00494196
coefficient.x[1]=0.00412649
coefficient.x[2]=0.00285933
coefficient.x[3]=0.000981875
coefficient.x[4]=-0.00252269
coefficient.x[5]=-0.00899604
coefficient.x[6]=-0.0216937
coefficient.x[7]=-0.0493172
coefficient.x[8]=-0.108292
coefficient.x[9]=-0.226802
coefficient.x[10]=-0.333379
coefficient.x[11]=-0.232054
coefficient.x[12]=-0.110015
coefficient.x[13]=-0.0502764
coefficient.x[14]=-0.0229502
coefficient.x[15]=-0.00989231
coefficient.x[16]=-0.00285908
coefficient.x[17]=0.000876209
coefficient.x[18]=0.00267293
coefficient.x[19]=0.00399415
coefficient.x[20]=0.00482359
