coefficient.x[0]=0.00468738
coefficient.x[1]=0.00380291
coefficient.x[2]=0.00241787
coefficient.x[3]=0.000316465
coefficient.x[4]=-0.00345532
coefficient.x[5]=-0.0101009
coefficient.x[6]=-0.0231961
coefficient.x[7]=-0.0501422
coefficient.x[8]=-0.103998
coefficient.x[9]=-0.203252
coefficient.x[10]=-0.279448
coefficient.x[11]=-0.206214
coefficient.x[12]=-0.107281
coefficient.x[13]=-0.0510663
coefficient.x[14]=-0.0244086
coefficient.x[15]=-0.0108401
coefficient.x[16]=-0.0037196
coefficient.x[17]=0.00021278
coefficient.x[18]=0.00219665
coefficient.x[19]=0.0036756
coefficient.x[20]=0.00455474
