coefficient.x[0]=0.00520829
coefficient.x[1]=0.00446466
coefficient.x[2]=0.00332475
coefficient.x[3]=0.00166894
coefficient.x[4]=-0.00147035
coefficient.x[5]=-0.00777505
coefficient.x[6]=-0.0199172
coefficient.x[7]=-0.0478911
coefficient.x[8]=-0.112744
coefficient.x[9]=-0.253372
coefficient.x[10]=-0.403513
coefficient.x[11]=-0.262302
coefficient.x[12]=-0.113427
coefficient.x[13]=-0.049025
coefficient.x[14]=-0.0210382
coefficient.x[15]=-0.0086452
coefficient.x[16]=-0.00193063
coefficient.x[17]=0.0015714
coefficient.x[18]=0.00316985
coefficient.x[19]=0.00433638
coefficient.x[20]=0.00510353
