coefficient.x[0]=-0.0208397
coefficient.x[1]=-0.0486793
coefficient.x[2]=-0.110039
coefficient.x[3]=-0.239604
coefficient.x[4]=-0.367836
coefficient.x[5]=-0.246228
coefficient.x[6]=-0.111634
coefficient.x[7]=-0.0497264
coefficient.x[8]=-0.0220509
coefficient.x[9]=-0.00930643
coefficient.x[10]=-0.00240335
coefficient.x[11]=0.00122178
coefficient.x[12]=0.00291888
coefficient.x[13]=0.00416533
coefficient.x[14]=0.00496217
coefficient.x[15]=0.00554241
coefficient.x[16]=0.0059199
coefficient.x[17]=0.00613542
coefficient.x[18]=0.00632193
coefficient.x[19]=0.00646784
coefficient.x[20]=0.00657944
