coefficient.x[0]=0.00591686
coefficient.x[1]=0.0054123
coefficient.x[2]=0.00458803
coefficient.x[3]=0.00348133
coefficient.x[4]=0.00136417
coefficient.x[5]=-0.00380766
coefficient.x[6]=-0.0140696
coefficient.x[7]=-0.0405427
coefficient.x[8]=-0.10862
coefficient.x[9]=-0.311248
coefficient.x[10]=-0.617516
coefficient.x[11]=-0.318614
coefficient.x[12]=-0.111088
coefficient.x[13]=-0.0409619
coefficient.x[14]=-0.0145495
coefficient.x[15]=-0.00431493
coefficient.x[16]=0.000598745
coefficient.x[17]=0.00338025
coefficient.x[18]=0.00450018
coefficient.x[19]=0.00525734
coefficient.x[20]=0.00582123
