coefficient.x[0]=0.00548283
coefficient.x[1]=0.00482202
coefficient.x[2]=0.00381412
coefficient.x[3]=0.00237766
coefficient.x[4]=-0.000331686
coefficient.x[5]=-0.00643836
coefficient.x[6]=-0.0178664
coefficient.x[7]=-0.0462019
coefficient.x[8]=-0.113967
coefficient.x[9]=-0.281815
coefficient.x[10]=-0.480106
coefficient.x[11]=-0.288425
coefficient.x[12]=-0.117366
coefficient.x[13]=-0.0471594
coefficient.x[14]=-0.0186725
coefficient.x[15]=-0.00706235
coefficient.x[16]=-0.000934264
coefficient.x[17]=0.00228279
coefficient.x[18]=0.00368689
coefficient.x[19]=0.00468967
coefficient.x[20]=0.00539026
