coefficient.x[0]=0.00562691
coefficient.x[1]=0.00502186
coefficient.x[2]=0.00406673
coefficient.x[3]=0.00274209
coefficient.x[4]=0.000256299
coefficient.x[5]=-0.00560747
coefficient.x[6]=-0.0165718
coefficient.x[7]=-0.0433211
coefficient.x[8]=-0.108949
coefficient.x[9]=-0.275388
coefficient.x[10]=-0.468202
coefficient.x[11]=-0.282139
coefficient.x[12]=-0.112301
coefficient.x[13]=-0.0444281
coefficient.x[14]=-0.0172012
coefficient.x[15]=-0.00603126
coefficient.x[16]=-0.000387658
coefficient.x[17]=0.00267503
coefficient.x[18]=0.00396542
coefficient.x[19]=0.00487881
coefficient.x[20]=0.00554074
