coefficient.x[0]=0.00591716
coefficient.x[1]=0.0054195
coefficient.x[2]=0.00459313
coefficient.x[3]=0.00348152
coefficient.x[4]=0.00138132
coefficient.x[5]=-0.00362472
coefficient.x[6]=-0.0138116
coefficient.x[7]=-0.0392633
coefficient.x[8]=-0.105127
coefficient.x[9]=-0.289571
coefficient.x[10]=-0.528807
coefficient.x[11]=-0.297986
coefficient.x[12]=-0.105511
coefficient.x[13]=-0.039949
coefficient.x[14]=-0.0144352
coefficient.x[15]=-0.00418824
coefficient.x[16]=0.000623085
coefficient.x[17]=0.00340778
coefficient.x[18]=0.00450742
coefficient.x[19]=0.00526239
coefficient.x[20]=0.00582745
