coefficient.x[0]=0.00576917
coefficient.x[1]=0.00521704
coefficient.x[2]=0.00432694
coefficient.x[3]=0.00310851
coefficient.x[4]=0.000816103
coefficient.x[5]=-0.00465733
coefficient.x[6]=-0.0153654
coefficient.x[7]=-0.0414998
coefficient.x[8]=-0.107431
coefficient.x[9]=-0.283564
coefficient.x[10]=-0.498207
coefficient.x[11]=-0.290823
coefficient.x[12]=-0.109533
coefficient.x[13]=-0.042336
coefficient.x[14]=-0.015799
coefficient.x[15]=-0.00505713
coefficient.x[16]=0.000116537
coefficient.x[17]=0.00303938
coefficient.x[18]=0.00423391
coefficient.x[19]=0.0050679
coefficient.x[20]=0.00568423
