coefficient.x[0]=0.00521247
coefficient.x[1]=0.00447929
coefficient.x[2]=0.00332206
coefficient.x[3]=0.00168245
coefficient.x[4]=-0.00142648
coefficient.x[5]=-0.00764925
coefficient.x[6]=-0.0195762
coefficient.x[7]=-0.0469761
coefficient.x[8]=-0.108782
coefficient.x[9]=-0.240249
coefficient.x[10]=-0.37234
coefficient.x[11]=-0.248204
coefficient.x[12]=-0.110492
coefficient.x[13]=-0.0479269
coefficient.x[14]=-0.0208454
coefficient.x[15]=-0.00845759
coefficient.x[16]=-0.00191125
coefficient.x[17]=0.00160628
coefficient.x[18]=0.00319014
coefficient.x[19]=0.00434391
coefficient.x[20]=0.00511524
