coefficient.x[0]=-0.218066
coefficient.x[1]=-0.313258
coefficient.x[2]=-0.221472
coefficient.x[3]=-0.108089
coefficient.x[4]=-0.0492476
coefficient.x[5]=-0.0226236
coefficient.x[6]=-0.00969791
coefficient.x[7]=-0.00284207
coefficient.x[8]=0.000914025
coefficient.x[9]=0.00269844
coefficient.x[10]=0.00401336
coefficient.x[11]=0.00483511
coefficient.x[12]=0.00541687
coefficient.x[13]=0.00583398
coefficient.x[14]=0.00606572
coefficient.x[15]=0.00626157
coefficient.x[16]=0.00641525
coefficient.x[17]=0.0065353
coefficient.x[18]=0.0066119
coefficient.x[19]=0.00667889
coefficient.x[20]=0.00672935
