coefficient.x[0]=0.00468983
coefficient.x[1]=0.00381492
coefficient.x[2]=0.00241674
coefficient.x[3]=0.000352273
coefficient.x[4]=-0.00339015
coefficient.x[5]=-0.00995148
coefficient.x[6]=-0.0228706
coefficient.x[7]=-0.0494057
coefficient.x[8]=-0.101195
coefficient.x[9]=-0.196418
coefficient.x[10]=-0.264242
coefficient.x[11]=-0.19768
coefficient.x[12]=-0.104689
coefficient.x[13]=-0.0500145
coefficient.x[14]=-0.0239575
coefficient.x[15]=-0.0106396
coefficient.x[16]=-0.00370496
coefficient.x[17]=0.000246584
coefficient.x[18]=0.00222686
coefficient.x[19]=0.00369493
coefficient.x[20]=0.00456609
