coefficient.x[0]=0.0048165
coefficient.x[1]=0.00397554
coefficient.x[2]=0.00263129
coefficient.x[3]=0.000676789
coefficient.x[4]=-0.00294413
coefficient.x[5]=-0.00942093
coefficient.x[6]=-0.0221498
coefficient.x[7]=-0.0490245
coefficient.x[8]=-0.103086
coefficient.x[9]=-0.20742
coefficient.x[10]=-0.286179
coefficient.x[11]=-0.208993
coefficient.x[12]=-0.106613
coefficient.x[13]=-0.0496808
coefficient.x[14]=-0.0233423
coefficient.x[15]=-0.0102051
coefficient.x[16]=-0.003282
coefficient.x[17]=0.000573972
coefficient.x[18]=0.00246014
coefficient.x[19]=0.00385278
coefficient.x[20]=0.00469921
