coefficient.x[0]=0.00648383
coefficient.x[1]=0.00633558
coefficient.x[2]=0.0061396
coefficient.x[3]=0.00588636
coefficient.x[4]=0.00552606
coefficient.x[5]=0.00494644
coefficient.x[6]=0.00413981
coefficient.x[7]=0.00285556
coefficient.x[8]=0.00100672
coefficient.x[9]=-0.00246817
coefficient.x[10]=-0.00886038
coefficient.x[11]=-0.0213605
coefficient.x[12]=-0.0484931
coefficient.x[13]=-0.105003
coefficient.x[14]=-0.218066
coefficient.x[15]=-0.313258
coefficient.x[16]=-0.221472
coefficient.x[17]=-0.108089
coefficient.x[18]=-0.0492476
coefficient.x[19]=-0.0226236
coefficient.x[20]=-0.00969791
