coefficient.x[0]=0.00285556
coefficient.x[1]=0.00100672
coefficient.x[2]=-0.00246817
coefficient.x[3]=-0.00886038
coefficient.x[4]=-0.0213605
coefficient.x[5]=-0.0484931
coefficient.x[6]=-0.105003
coefficient.x[7]=-0.218066
coefficient.x[8]=-0.313258
coefficient.x[9]=-0.221472
coefficient.x[10]=-0.108089
coefficient.x[11]=-0.0492476
coefficient.x[12]=-0.0226236
coefficient.x[13]=-0.00969791
coefficient.x[14]=-0.00284207
coefficient.x[15]=0.000914025
coefficient.x[16]=0.00269844
coefficient.x[17]=0.00401336
coefficient.x[18]=0.00483511
coefficient.x[19]=0.00541687
coefficient.x[20]=0.00583398
