coefficient.x[0]=0.00507843
coefficient.x[1]=0.00430772
coefficient.x[2]=0.00308581
coefficient.x[3]=0.00134206
coefficient.x[4]=-0.00196229
coefficient.x[5]=-0.00826982
coefficient.x[6]=-0.0205026
coefficient.x[7]=-0.0478114
coefficient.x[8]=-0.106947
coefficient.x[9]=-0.228356
coefficient.x[10]=-0.34244
coefficient.x[11]=-0.234397
coefficient.x[12]=-0.109203
coefficient.x[13]=-0.048663
coefficient.x[14]=-0.0218016
coefficient.x[15]=-0.00911543
coefficient.x[16]=-0.00238515
coefficient.x[17]=0.00125813
coefficient.x[18]=0.00294178
coefficient.x[19]=0.00417661
coefficient.x[20]=0.00497379
