coefficient.x[0]=0.00534857
coefficient.x[1]=0.0046545
coefficient.x[2]=0.00356429
coefficient.x[3]=0.00202907
coefficient.x[4]=-0.000860741
coefficient.x[5]=-0.00699866
coefficient.x[6]=-0.0185813
coefficient.x[7]=-0.0458457
coefficient.x[8]=-0.109625
coefficient.x[9]=-0.253358
coefficient.x[10]=-0.40296
coefficient.x[11]=-0.260958
coefficient.x[12]=-0.111966
coefficient.x[13]=-0.0470393
coefficient.x[14]=-0.019755
coefficient.x[15]=-0.00772442
coefficient.x[16]=-0.00142036
coefficient.x[17]=0.00195848
coefficient.x[18]=0.00344354
coefficient.x[19]=0.00451681
coefficient.x[20]=0.0052552
