coefficient.x[0]=0.00548671
coefficient.x[1]=0.00483398
coefficient.x[2]=0.00381252
coefficient.x[3]=0.00238228
coefficient.x[4]=-0.000298091
coefficient.x[5]=-0.00631807
coefficient.x[6]=-0.0175804
coefficient.x[7]=-0.044727
coefficient.x[8]=-0.109681
coefficient.x[9]=-0.265519
coefficient.x[10]=-0.434298
coefficient.x[11]=-0.272184
coefficient.x[12]=-0.113123
coefficient.x[13]=-0.0460003
coefficient.x[14]=-0.0185511
coefficient.x[15]=-0.00691589
coefficient.x[16]=-0.000912502
coefficient.x[17]=0.00231473
coefficient.x[18]=0.00370196
coefficient.x[19]=0.00469511
coefficient.x[20]=0.00539697
