coefficient.x[0]=0.00521733
coefficient.x[1]=0.00449497
coefficient.x[2]=0.00331926
coefficient.x[3]=0.00169531
coefficient.x[4]=-0.00137733
coefficient.x[5]=-0.00751695
coefficient.x[6]=-0.0192079
coefficient.x[7]=-0.0457839
coefficient.x[8]=-0.103399
coefficient.x[9]=-0.226938
coefficient.x[10]=-0.339459
coefficient.x[11]=-0.233897
coefficient.x[12]=-0.107177
coefficient.x[13]=-0.0466879
coefficient.x[14]=-0.0203378
coefficient.x[15]=-0.00826279
coefficient.x[16]=-0.00188897
coefficient.x[17]=0.00164394
coefficient.x[18]=0.00321163
coefficient.x[19]=0.00435927
coefficient.x[20]=0.00512415
