coefficient.x[0]=0.00591759
coefficient.x[1]=0.00542737
coefficient.x[2]=0.00459304
coefficient.x[3]=0.00349116
coefficient.x[4]=0.00140376
coefficient.x[5]=-0.00343765
coefficient.x[6]=-0.0135487
coefficient.x[7]=-0.0379162
coefficient.x[8]=-0.100794
coefficient.x[9]=-0.267623
coefficient.x[10]=-0.476944
coefficient.x[11]=-0.275567
coefficient.x[12]=-0.100273
coefficient.x[13]=-0.0387087
coefficient.x[14]=-0.0143089
coefficient.x[15]=-0.00389489
coefficient.x[16]=0.0006593
coefficient.x[17]=0.0034381
coefficient.x[18]=0.00451587
coefficient.x[19]=0.00527127
coefficient.x[20]=0.00583406
