coefficient.x[0]=0.00577343
coefficient.x[1]=0.00522649
coefficient.x[2]=0.0043263
coefficient.x[3]=0.00311879
coefficient.x[4]=0.000844023
coefficient.x[5]=-0.00446326
coefficient.x[6]=-0.0150494
coefficient.x[7]=-0.0401045
coefficient.x[8]=-0.102829
coefficient.x[9]=-0.26285
coefficient.x[10]=-0.446778
coefficient.x[11]=-0.271505
coefficient.x[12]=-0.104203
coefficient.x[13]=-0.0409594
coefficient.x[14]=-0.0156868
coefficient.x[15]=-0.00489223
coefficient.x[16]=0.000154222
coefficient.x[17]=0.00307117
coefficient.x[18]=0.00424496
coefficient.x[19]=0.00507808
coefficient.x[20]=0.005691
