coefficient.x[0]=0.00508343
coefficient.x[1]=0.00432275
coefficient.x[2]=0.00308247
coefficient.x[3]=0.00135593
coefficient.x[4]=-0.00190781
coefficient.x[5]=-0.00813051
coefficient.x[6]=-0.0201363
coefficient.x[7]=-0.0468019
coefficient.x[8]=-0.102618
coefficient.x[9]=-0.217936
coefficient.x[10]=-0.315335
coefficient.x[11]=-0.222253
coefficient.x[12]=-0.106291
coefficient.x[13]=-0.0474587
coefficient.x[14]=-0.0212654
coefficient.x[15]=-0.00891722
coefficient.x[16]=-0.00236346
coefficient.x[17]=0.00129726
coefficient.x[18]=0.00296587
coefficient.x[19]=0.00419305
coefficient.x[20]=0.00498621
