coefficient.x[0]=0.00549127
coefficient.x[1]=0.00485036
coefficient.x[2]=0.0038108
coefficient.x[3]=0.00239385
coefficient.x[4]=-0.000259206
coefficient.x[5]=-0.00619979
coefficient.x[6]=-0.0173968
coefficient.x[7]=-0.0432807
coefficient.x[8]=-0.104538
coefficient.x[9]=-0.248225
coefficient.x[10]=-0.394927
coefficient.x[11]=-0.25543
coefficient.x[12]=-0.10854
coefficient.x[13]=-0.0445677
coefficient.x[14]=-0.0181723
coefficient.x[15]=-0.00672789
coefficient.x[16]=-0.000887854
coefficient.x[17]=0.00234945
coefficient.x[18]=0.00371823
coefficient.x[19]=0.00470788
coefficient.x[20]=0.00540408
