coefficient.x[0]=0.00678534
coefficient.x[1]=0.00674675
coefficient.x[2]=0.00669262
coefficient.x[3]=0.0066285
coefficient.x[4]=0.00654759
coefficient.x[5]=0.00643441
coefficient.x[6]=0.0062765
coefficient.x[7]=0.00606925
coefficient.x[8]=0.00580435
coefficient.x[9]=0.00542454
coefficient.x[10]=0.0048218
coefficient.x[11]=0.00398927
coefficient.x[12]=0.00265424
coefficient.x[13]=0.000696981
coefficient.x[14]=-0.002879
coefficient.x[15]=-0.00926761
coefficient.x[16]=-0.0217911
coefficient.x[17]=-0.0481744
coefficient.x[18]=-0.0996719
coefficient.x[19]=-0.198862
coefficient.x[20]=-0.269248
