coefficient.x[0]=0.00563133
coefficient.x[1]=0.00503353
coefficient.x[2]=0.00406556
coefficient.x[3]=0.00275302
coefficient.x[4]=0.000289702
coefficient.x[5]=-0.00542358
coefficient.x[6]=-0.0162769
coefficient.x[7]=-0.0418775
coefficient.x[8]=-0.104077
coefficient.x[9]=-0.256384
coefficient.x[10]=-0.422443
coefficient.x[11]=-0.264274
coefficient.x[12]=-0.107019
coefficient.x[13]=-0.0429287
coefficient.x[14]=-0.0168162
coefficient.x[15]=-0.00584742
coefficient.x[16]=-0.000361823
coefficient.x[17]=0.00270829
coefficient.x[18]=0.00397908
coefficient.x[19]=0.00489028
coefficient.x[20]=0.00554768
