coefficient.x[0]=0.00469407
coefficient.x[1]=0.003828
coefficient.x[2]=0.00246726
coefficient.x[3]=0.000377403
coefficient.x[4]=-0.0033197
coefficient.x[5]=-0.00979115
coefficient.x[6]=-0.0225158
coefficient.x[7]=-0.0485993
coefficient.x[8]=-0.0981906
coefficient.x[9]=-0.188791
coefficient.x[10]=-0.25015
coefficient.x[11]=-0.188912
coefficient.x[12]=-0.101841
coefficient.x[13]=-0.0488622
coefficient.x[14]=-0.0234278
coefficient.x[15]=-0.0104312
coefficient.x[16]=-0.00367053
coefficient.x[17]=0.00028351
coefficient.x[18]=0.00225879
coefficient.x[19]=0.00371582
coefficient.x[20]=0.00457824
