coefficient.x[0]=-0.0217911
coefficient.x[1]=-0.0481744
coefficient.x[2]=-0.0996719
coefficient.x[3]=-0.198862
coefficient.x[4]=-0.269248
coefficient.x[5]=-0.199347
coefficient.x[6]=-0.103614
coefficient.x[7]=-0.0485458
coefficient.x[8]=-0.0228104
coefficient.x[9]=-0.0100001
coefficient.x[10]=-0.00325248
coefficient.x[11]=0.000616039
coefficient.x[12]=0.00248945
coefficient.x[13]=0.00387388
coefficient.x[14]=0.00471145
coefficient.x[15]=0.00530069
coefficient.x[16]=0.00574841
coefficient.x[17]=0.0059983
coefficient.x[18]=0.00620039
coefficient.x[19]=0.006363
coefficient.x[20]=0.00648984
