coefficient.x[0]=0.00535327
coefficient.x[1]=0.00467084
coefficient.x[2]=0.00356203
coefficient.x[3]=0.00204128
coefficient.x[4]=-0.000816914
coefficient.x[5]=-0.00687337
coefficient.x[6]=-0.0183368
coefficient.x[7]=-0.0446101
coefficient.x[8]=-0.104211
coefficient.x[9]=-0.237586
coefficient.x[10]=-0.365813
coefficient.x[11]=-0.245315
coefficient.x[12]=-0.108135
coefficient.x[13]=-0.0457657
coefficient.x[14]=-0.0193068
coefficient.x[15]=-0.00753301
coefficient.x[16]=-0.0013969
coefficient.x[17]=0.00199467
coefficient.x[18]=0.00346241
coefficient.x[19]=0.00453087
coefficient.x[20]=0.00526255
