coefficient.x[0]=0.00495159
coefficient.x[1]=0.00415419
coefficient.x[2]=0.00285167
coefficient.x[3]=0.00102316
coefficient.x[4]=-0.00240837
coefficient.x[5]=-0.00871407
coefficient.x[6]=-0.020998
coefficient.x[7]=-0.0475991
coefficient.x[8]=-0.10115
coefficient.x[9]=-0.208577
coefficient.x[10]=-0.29193
coefficient.x[11]=-0.210577
coefficient.x[12]=-0.105098
coefficient.x[13]=-0.048078
coefficient.x[14]=-0.0220896
coefficient.x[15]=-0.00949631
coefficient.x[16]=-0.00281679
coefficient.x[17]=0.000954623
coefficient.x[18]=0.00272515
coefficient.x[19]=0.00403228
coefficient.x[20]=0.00484744
