coefficient.x[0]=0.00580435
coefficient.x[1]=0.00542454
coefficient.x[2]=0.0048218
coefficient.x[3]=0.00398927
coefficient.x[4]=0.00265424
coefficient.x[5]=0.000696981
coefficient.x[6]=-0.002879
coefficient.x[7]=-0.00926761
coefficient.x[8]=-0.0217911
coefficient.x[9]=-0.0481744
coefficient.x[10]=-0.0996719
coefficient.x[11]=-0.198862
coefficient.x[12]=-0.269248
coefficient.x[13]=-0.199347
coefficient.x[14]=-0.103614
coefficient.x[15]=-0.0485458
coefficient.x[16]=-0.0228104
coefficient.x[17]=-0.0100001
coefficient.x[18]=-0.00325248
coefficient.x[19]=0.000616039
coefficient.x[20]=0.00248945
